3.84145882069413
5.99146454710798
7.81472790325118
9.48772903678115
11.0704976935164
12.5915872437440
14.0671404493402
15.5073130558655
16.9189776046204
18.3070380532751
19.6751375726825
21.0260698174831
22.3620324948269
23.6847913048406
24.9957901397286
26.2962276048642
27.5871116382753
28.8692994303926
30.1435272056462
31.4104328442309
32.6705733409173
33.9244384714438
35.1724616269081
36.4150285018073
37.6524841334828
38.8851386598300
40.1132720694136
41.3371381514274
42.5569678042927
43.7729718257422
44.9853432803651
46.1942595202785
47.3998839190809
48.6023673672942
49.8018495682019
50.9984601657106
52.1923197301029
53.3835406229693
54.5722277589417
55.7584792788870
56.9423871468241
58.1240376808680
59.3035120268998
60.4808865823364
61.6562333762796
62.8296204114082
64.0011119722180
65.1707689035698
66.3386488629688
67.5048065495412
68.6692939122858
69.8321603398481
70.9934528337823
72.1532161670231
73.3114930290833
74.4683241593094
75.6237484693761
76.7778031560615
77.9305238052304
79.0819444878487
80.2320978487627
81.3810151888991
82.5287265414718
83.6752607427210
84.8206454976567
85.9649074412309
87.1080721953219
88.2501644218741
89.3912078725080
90.5312254348807
91.6702391760549
92.8082703831077
93.9453396011923
95.0814666692432
96.2166707535038
97.3509703790329
98.4843834593404
99.6169273242838
100.748618746350
101.879473965436
103.009508712226
104.138738230274
105.267177296860
106.394840242723
107.521740970719
108.647892973508
109.773309350288
110.898002822684
112.021985749808
113.145270142555
114.267867677194
115.389789708267
116.511047280874
117.631651142346
118.751611753367
119.870939298567
120.989643696610
122.107734609819
123.225221453362
124.342113404004
125.458419408482
126.574148191494
127.689308263338
128.803907927218
129.917955286229
131.031458250049
132.144424541337
133.256861701868
134.368777098411
135.480177928360
136.591071225135
137.701463863371
138.811362563885
139.920773898456
141.029704294410
142.138160039026
143.246147283775
144.353672048385
145.460740224765
146.567357580767
147.673529763818
148.779262304405
149.884560619441
150.989430015505
152.093875691958
153.197902743956
154.301516165350
155.404720851482
156.507521601885
157.609923122889
158.711930030134
159.813546850998
160.914778026943
162.015627915781
163.116100793860
164.216200858185
165.315932228459
166.415298949064
167.514304990978
168.612954253620
169.711250566649
170.809197691695
171.906799324040
173.004059094245
174.100980569726
175.197567256281
176.293822599570
177.389749986549
178.485352746859
179.580634154181
180.675597427534
181.770245732556
182.864582182723
183.958609840556
185.052331718773
186.145750781417
187.238869944954
188.331692079329
189.424220009004
190.516456513959
191.608404330663
192.700066153028
193.791444633324
194.882542383080
195.973361973949
197.063905938561
198.154176771341
199.244176929317
200.333908832898
201.423374866630
202.512577379941
203.601518687858
204.690201071710
205.778626779806
206.866798028108
207.954717000870
209.042385851279
210.129806702060
211.216981646085
212.303912746952
213.390602039558
214.477051530651
215.563263199378
216.649238997807
217.734980851449
218.820490659756
219.905770296615
220.990821610828
222.075646426575
223.160246543877
224.244623739036
225.328779765074
226.412716352154
227.496435208002
228.579938018305
229.663226447109
230.746302137210
231.829166710528
232.911821768476
233.994268892325
235.076509643554
236.158545564194
237.240378177170
238.322008986627
239.403439478252
240.484671119593
241.565705360364
242.646543632752
243.727187351706
244.807637915228
245.887896704661
246.967965084957
248.047844404956
249.127535997645
250.207041180420
251.286361255342
252.365497509384
253.444451214672
254.523223628728
255.601815994703
256.680229541603
257.758465484515
258.836525024829
259.914409350448
260.992119636005
262.069657043065
263.147022720329
264.224217803834
265.301243417145
266.378100671549
267.454790666240
268.531314488501
269.607673213888
270.683867906404
271.759899618669
272.835769392096
273.911478257054
274.987027233029
276.062417328789
277.137649542537
278.212724862068
279.287644264921
280.362408718521
281.437019180335
282.511476598006
283.585781909499
284.659936043237
285.733939918233
286.807794444232
287.881500521831
288.955059042613
290.028470889273
291.101736935740
292.174858047296
293.247835080701
294.320668884306
295.393360298170
296.465910154169
297.538319276114
298.610588479854
299.682718573386
300.754710356962
301.826564623188
302.898282157129
303.969863736410
305.041310131311
306.112622104867
307.183800412960
308.254845804417
309.325759021097
310.396540797983
311.467191863273
312.537712938465
313.608104738444
314.678367971565
315.748503339739
316.818511538513
317.888393257151
318.958149178711
320.027779980128
321.097286332285
322.166668900092
323.235928342558
324.305065312867
325.374080458446
326.442974421040
327.511747836777
328.580401336240
329.648935544535
330.717351081352
331.785648561038
332.853828592656
333.921891780048
334.989838721904
336.057670011813
337.125386238334
338.192987985048
339.260475830621
340.327850348860
341.395112108769
342.462261674608
343.529299605946
344.596226457715
345.663042780267
346.729749119420
347.796346016519
348.862834008481
349.929213627845
350.995485402826
352.061649857363
353.127707511163
354.193658879755
355.259504474532
356.325244802799
357.390880367821
358.456411668862
359.521839201237
360.587163456347
361.652384921732
362.717504081103
363.782521414394
364.847437397793
365.912252503793
366.976967201223
368.041581955295
369.106097227638
370.170513476337
371.234831155975
372.299050717665
373.363172609090
374.427197274541
375.491125154948
376.554956687919
377.618692307775
378.682332445584
379.745877529193
380.809327983263
381.872684229305
382.935946685708
383.999115767773
385.062191887747
386.125175454849
387.188066875309
388.250866552390
389.313574886424
390.376192274840
391.438719112193
392.501155790192
393.563502697733
394.625760220922
395.687928743105
396.750008644897
397.812000304206
398.873904096264
399.935720393649
400.997449566315
402.059091981615
403.120648004329
404.182117996686
405.243502318393
406.304801326655
407.366015376204
408.427144819318
409.488190005848
410.549151283242
411.610028996565
412.670823488524
413.731535099490
414.792164167519
415.852711028376
416.913176015557
417.973559460307
419.033861691644
420.094083036380
421.154223819141
422.214284362386
423.274264986430
424.334166009463
425.393987747567
426.453730514740
427.513394622910
428.572980381960
429.632488099742
430.691918082097
431.751270632875
432.810546053949
433.869744645239
434.928866704723
435.987912528461
437.046882410607
438.105776643427
439.164595517321
440.223339320832
441.282008340668
442.340602861718
443.399123167063
444.457569537999
445.515942254048
446.574241592977
447.632467830808
448.690621241841
449.748702098661
450.806710672160
451.864647231545
452.922512044360
453.980305376493
455.038027492196
456.095678654097
457.153259123211
458.210769158960
459.268209019181
460.325578960142
461.382879236557
462.440110101594
463.497271806893
464.554364602578
465.611388737267
466.668344458089
467.725232010692
468.782051639257
469.838803586514
470.895488093746
471.952105400812
473.008655746145
474.065139366778
475.121556498345
476.177907375097
477.234192229914
478.290411294314
479.346564798465
480.402652971197
481.458676040009
482.514634231087
483.570527769306
484.626356878249
485.682121780211
486.737822696211
487.793459846004
488.849033448090
489.904543719725
490.959990876927
492.015375134490
493.070696705995
494.125955803814
495.181152639123
496.236287421911
497.291360360990
498.346371664003
499.401321537435
500.456210186617
501.511037815743
502.565804627872
503.620510824940
504.675156607768
505.729742176069
506.784267728460
507.838733462469
508.893139574540
509.947486260048
511.001773713299
512.056002127545
513.110171694991
514.164282606797
515.218335053093
516.272329222984
517.326265304559
518.380143484893
519.433963950064
520.487726885153
521.541432474253
522.595080900480
523.648672345975
524.702206991915
525.755685018519
526.809106605054
527.862471929845
528.915781170277
529.969034502808
531.022232102969
532.075374145378
533.128460803741
534.181492250862
535.234468658646
536.287390198110
537.340257039387
538.393069351731
539.445827303526
540.498531062292
541.551180794688
542.603776666523
543.656318842758
544.708807487514
545.761242764079
546.813624834911
547.865953861645
548.918230005101
549.970453425286
551.022624281404
552.074742731858
553.126808934257
554.178823045421
555.230785221389
556.282695617422
557.334554388006
558.386361686865
559.438117666958
560.489822480489
561.541476278913
562.593079212935
563.644631432524
564.696133086911
565.747584324598
566.798985293358
567.850336140249
568.901637011609
569.952888053067
571.004089409547
572.055241225269
573.106343643759
574.157396807852
575.208400859693
576.259355940747
577.310262191801
578.361119752967
579.411928763690
580.462689362750
581.513401688267
582.564065877706
583.614682067880
584.665250394956
585.715770994457
586.766244001270
587.816669549645
588.867047773204
589.917378804943
590.967662777236
592.017899821838
593.068090069892
594.118233651931
595.168330697882
596.218381337071
597.268385698224
598.318343909475
599.368256098367
600.418122391857
601.467942916319
602.517717797548
603.567447160765
604.617131130617
605.666769831186
606.716363385987
607.765911917977
608.815415549554
609.864874402563
610.914288598300
611.963658257511
613.012983500403
614.062264446641
615.111501215354
616.160693925137
617.209842694058
618.258947639656
619.308008878948
620.357026528430
621.406000704085
622.454931521377
623.503819095265
624.552663540197
625.601464970120
626.650223498478
627.698939238218
628.747612301793
629.796242801164
630.844830847801
631.893376552693
632.941880026341
633.990341378770
635.038760719526
636.087138157683
637.135473801841
638.183767760134
639.232020140230
640.280231049334
641.328400594190
642.376528881088
643.424616015861
644.472662103890
645.520667250108
646.568631559003
647.616555134617
648.664438080552
649.712280499971
650.760082495601
651.807844169739
652.855565624246
653.903246960558
654.950888279686
655.998489682215
657.046051268312
658.093573137725